Melbourne Airport (113m ASL), 10am radiosonde
station: ASM00094866
datetime: <class 'datetime.datetime'>

CAPE: 2052.1646292259197 joule / kilogram
CIN: 0 joule / kilogram
sbCAPE: 2052.1646292259197 joule / kilogram
muCAPE: 2052.1646292259197 joule / kilogram
LCL height: 768.0204407871037 meter
EL height: 11899.859302664316 meter
SRH 1km: 204.2031605710962 meter ** 2 / second ** 2
SRH 3km: 529.2069650904659 meter ** 2 / second ** 2
SRH eff: 522.1823869549554 meter ** 2 / second ** 2
shear 6km: 30.935588760045082 knot
shear eff: 34.46188995646326 knot
Significant Tornado: [2.8808492276651707] knot * second / meter
Supercell Composite: [18.998179641266457] dimensionless
SWEAT index: [226.10367156299995] dimensionless

km, hPa, degC, dewC, kts, deg
113.0 1001.0 25.0 19.0 9.0 180.0
733.0 994.0 23.2 17.2 0.0 0.0
733.0 925.0 18.8 10.8 22.9 5.0
913.2 919.0 17.2 10.2 23.9 5.0
1093.5 877.0 15.6 9.6 29.6 115.0
1273.8 859.0 16.2 8.2 35.3 225.0
1454.0 850.0 16.0 8.0 41.0 335.0
1724.5 841.0 15.9 6.9 42.0 330.0
1995.0 835.0 15.8 5.8 40.3 325.0
2265.5 794.0 12.2 5.2 38.6 320.0
2536.0 782.0 11.9 3.9 36.9 315.0
2806.5 768.0 11.6 2.6 35.0 305.0
3077.0 700.0 4.6 0.5 33.0 295.0
3341.3 669.0 2.6 0.0 34.0 285.0
3605.6 664.0 0.6 -0.5 35.5 285.0
3869.9 644.0 -0.7 -0.9 37.0 285.0
4134.2 603.0 -5.3 -7.8 38.5 285.0
4398.5 559.0 -8.0 -11.2 40.0 285.0
4662.8 526.0 -10.7 -14.7 38.1 287.5
4927.1 520.0 -10.9 -22.9 36.1 290.0
5191.4 511.0 -12.3 -18.3 34.1 292.5
5455.7 503.0 -12.6 -22.1 32.1 295.0
5720.0 500.0 -12.9 -25.9 32.1 295.0
5927.5 481.0 -15.3 -38.3 29.5 290.0
6135.0 472.0 -16.1 -28.7 27.0 285.0
6342.5 465.0 -16.9 -19.1 28.0 285.8
6550.0 443.0 -19.7 -22.8 29.0 286.7
6757.5 440.0 -20.1 -27.1 30.0 287.5
6965.0 438.0 -19.7 -36.7 31.0 288.3
7172.5 431.0 -20.3 -50.3 32.0 289.2
7380.0 400.0 -24.5 -53.5 33.0 290.0
7786.0 372.0 -28.4 -54.4 36.0 295.0
8192.0 351.0 -32.3 -55.3 36.0 291.7
8598.0 333.0 -35.3 -42.3 36.0 288.3
9004.0 326.0 -38.1 -45.1 36.0 285.0
9410.0 300.0 -40.9 -47.9 39.1 285.0
10015.0 279.0 -44.7 -50.7 40.0 285.0
10620.0 250.0 -51.3 -57.3 41.0 285.0
10904.0 228.0 -54.4 -60.9 43.9 290.0
11188.0 225.0 -57.5 -64.5 44.9 285.0
11472.0 219.0 -56.7 -64.7 47.3 281.7
11756.0 203.0 -58.7 -72.7 49.7 278.3
12040.0 200.0 -58.5 -72.5 52.1 275.0
12402.0 188.0 -58.2 -76.7 57.0 270.0
12764.0 181.0 -57.9 -80.9 54.5 265.0
13126.0 166.0 -57.7 -83.7 52.1 260.0
13488.0 155.0 -57.5 -86.5 48.0 280.0
13850.0 150.0 -57.3 -89.3 52.1 275.0
14211.4 146.0 -57.3 -89.3 48.0 275.0
14572.9 140.0 -58.2 -89.8 43.9 275.0
14934.3 132.0 -59.0 -90.4 48.0 290.0
15295.7 129.0 -59.9 -90.9 53.0 285.0
15657.1 119.0 -60.9 -90.9 57.9 280.0
16018.6 118.0 -61.9 -90.9 57.9 280.0
16380.0 100.0 -60.9 -90.9 47.0 260.0
16624.4 92.4 -61.7 -90.9 39.0 261.7
16868.9 89.8 -59.9 -90.9 31.0 263.3
17113.3 88.3 -61.3 -90.9 22.9 265.0
17357.8 83.7 -62.7 -90.9 13.0 295.0
17602.2 81.1 -64.1 -90.8 15.9 315.0
17846.7 75.9 -65.5 -90.8 26.0 295.0
18091.1 72.8 -64.4 -90.8 21.0 280.0
18335.6 70.4 -63.4 -90.8 12.1 295.0
18580.0 70.0 -62.3 -90.8 12.1 305.0
18841.2 68.6 -61.4 -90.7 14.0 320.0
19102.5 64.3 -60.6 -90.7 9.9 340.0
19363.8 62.7 -59.7 -90.7 9.9 336.7
19625.0 53.8 -61.9 -90.5 9.9 333.3
19886.2 53.4 -61.1 -90.3 9.9 330.0
20147.5 52.3 -60.3 -90.1 9.9 315.0
20408.8 50.2 -59.5 -89.9 1.9 350.0
20670.0 50.0 -58.7 -89.7 1.9 5.0
20965.5 49.3 -58.3 -89.3 5.9 27.5
21260.9 47.3 -58.8 -89.8 9.9 50.0
21556.4 45.1 -59.3 -90.3 13.0 48.3
21851.8 42.9 -55.5 -87.5 16.0 46.7
22147.3 40.7 -55.0 -87.2 19.0 45.0
22442.7 38.0 -54.4 -86.9 15.0 20.0
22738.2 34.5 -53.8 -86.6 18.1 50.0
23033.6 32.4 -53.3 -86.3 17.5 37.5
23329.1 32.1 -53.4 -86.4 16.9 25.0
23624.5 31.2 -53.4 -86.4 14.0 35.0
23920.0 30.0 -53.5 -86.5 12.1 65.0
24295.7 25.5 -53.2 -86.2 18.1 95.0
24671.4 25.0 -52.9 -85.9 17.0 92.5
25047.1 23.5 -52.1 -85.3 15.9 90.0
25422.9 22.5 -51.3 -84.7 22.0 95.0
25798.6 21.4 -50.5 -84.1 22.9 80.0
26174.3 20.5 -49.7 -83.5 29.0 95.0
26550.0 20.0 -48.9 -82.9 32.1 85.0
26550.0 17.6 -48.2 -82.7 35.0 70.0
26550.0 17.1 -47.5 -82.5 35.0 70.0
26550.0 17.1 -47.5 -82.5 35.0 70.0
